                                                             
,2004
                0   0   0   0   0   0   0   0   0   0   0   0   0   0   0   0
                0   0   0   0   0   0   0   0   0   0   0   0   0   0   0   0
                0   0   0   0   0   0   0   0   0   0   0   0   0   0   0   0
                0   0   0   0   0   0   0   0   0   0   0   0   0   0   0   0
                0   0   0   0   0   0   0   0   0   0   0   0   0   0   0   0
                0   0   0   0   0   0   0   0   0   0   0   0   0   0   0   0
                0   0   0   0   0   0   0   0   0   0   0   0   0   0   0   0
                0   0   0   0   0   0   0   0   0   0   0   0   0   0   0   0
                0   0   0   0   0   0   0   0   0   0   0   0   0   0   0   0
                0   0   0   0   0   0   0   0   0   0   0   0   0   0   0   0
                0   0   0   0   0   0   0   0   0   0   0   0   0   0   0   0
                0   0   0   0   0   0   0   0   0   0   0   0   0   0   0   0
                0   0   0   0   0   0   0   0   0   0   0   0   0   0   0   0
                0   0   0   0   0   0   0   0   0   0   0   0   0   0   0   0
                0   0   0   0   0   0   0   0   0   0   0   0   0   0   0   0
                0   0   0   0   0   0   0   0   0   0   0   0   0   0   0   0
                0   0   0   0   0   0   0   0   0   0   0   0   0   0   0   0
                0   0   0   0 100 236   0   0   0   0   0   0  31   0   0   0
                0   0   0   0   0   0   0   0   0   0   0   0 320   0   0   0
              591 125   0   0   0   0   0 118   0   0   0   0   0   0   0 440
                0   0   0 464 115  61   0   0  14 494   0   0   0   0   0   0
                0   0   0   0   0   0   0   0   0  45   0   0   0   0   0   0
                0   0   0  15   0 127   0  37   0   0   0   0   0   0   0   0
                0   0 422   0   0   0   0   0   0   0   0   0   0   0   0   0
,2005
                0   0   0 175   0   0   0   0   0   0   0   0   0   0 273   0
                0   0   0   0   0   0   0   0   0   0   0   0   0   0   0   0
              142   0   0   6   0   0  24   0  15   0   0   0   0   0   0   0
                0   0   0   0   0   0   0   0   0   0   0   0   0   0   0   0
                0   0   0   0   0   0   0 100   0   0   0   0 537  63   0   0
                0   0   0   0   0   0  41   0   0   0   0   0   0   0 122   0
               87 218   0   0   0   0  50 214   0  39   0 244  47  14   0   0
                0   0   0  64 278   0   0   0   0   0   0   0   0   0   0   0
                0   0   0   0 200 420   0   0 420   0   0 100   0 345   0   0
                0   0   0   0   0   0   0   0   0   0   0   0   0   0  45   0
                0   0   0   0   0   0   0   0   0   0 204  57 537 340   0   0
               12  24  18   0   0   0   0   0   0   0 435   0   0   0   0   0
                0   0   0   0   0   0   0   0   0   0   0   0   0   0   0   0
              262   0   0   0   0   0   0   0   0   0   0   0   0   0   0   0
                0   0   0   0   0   0   0   0   0   0   0   0   0   0   0   0
                0   0  91   0   0 262 154 256  39   0   0   0   0   0   0   0
                0   0   0   0   0   0   0   0   0 565  54   0   0   0  95   0
                0   0   0  24   0   0   0   0  91   0   0   0   0   0 262   0
                0   0   0 398  12   0   0   0   0   0   0   0   0 356   0   0
                0  62   0   0   0   0  57   0   0  22   0   0   0   0   0   0
                0   0   0   0  95 327  53   0   0   0   0   0   0   0   0   0
               57  75   0   0   0   0   0   0 225   0   0   0   0   0   0   0
                0   0   0   01078  34   0   0   0   0   0   0   0   0   0   0
                0   0   0   0   0   0   0   0 168   0   0   0   0   0   0 149
,2006
                0   0   0   0   0   0   0   0   0   0   0   0   0   0   0   0
                0  84   0   0   0 324   0   0   0   0   0   0   0   0   0   0
                0   0   0   0   0 142   0   0   0   0   0   0   0   0   0   0
                0  57   0   0   0   0   0   0  42  28   0   0   0   0   0   0
                0   0 170  99   0   0   0   0   0   0   0   0   0   0   0   0
                0   0 170   0   0   0   0 372   0   0   0   0   0   0   0   0
                0   0   0   0   0   0   0   01211   0   0   0   0   0 194   0
                0   0   0   0   0 189   0   0   0   0 366   0   0   0   0   0
                0   0   0   0   0   0   0   0   0   0   0   0   0   0   0   0
                0   0   0  60   0   0   0   0   0   0   0   0   0   0  52 143
                0   0   0   0   0   0   0   0   0   0   0   0   0   0   0   0
                0   0   0   0   0   0   0   0   0   0   0   0   0   0   0   0
                0   0   0   0   0   0   0   0   0   0   0 229   0 118   0   0
               60   0   0   0   0   0   0   0   0   0   0  19   0   0   0   0
                0   0   0   0   0   0   0   0   0   0   0  28   0  60   0   0
                0   0   0   0   0   0   0   0   0   0 134  21   0   0   0  19
                0  44   0   0   0   0   0   0 117   0   0   0   0  24  68   0
                0   0   0   0 141   0   0   0   0   0   0   0 658   0   0   0
                0   0   0   0 368   0   0   0   0 216   0   0   0   0 225   0
                0   0   0   0   0   0   0   0   0   0   0   0   0 382   0 423
                0   0   0   0   0 445   0   0   0   0   0   0   0   0   0   0
                0 470 152   0   0   0   0   0   0   0   0   0   0   0   0   0
                0   0   0   0   0   0   0   0   0   0   0   0   0   0  62   0
              214   0 547  65  63 325   0   0   0 282   0   0   0   0   0 506
,2007
                0   0   0   0 182   0   0   0   0   0 188   0   0   0   0   0
                0   0   0  31   0   0   0   0  27   0  20   0   0   0   0   0
                0   0   0   0 150  45   0   0   0   0   0   0   0   0   0   0
                0 546  24   0   0   0   0  61  69  71   0   0 246   0   0   0
                0 698   0   0   0   0   0   0   0 609   0   0   0   0  39   0
                0   0 174   0   0   0   0   0   0   0  91 157   0   0   0 324
                0   0  70   0   0   0   0   0   0   0   0   0   0   0 454   0
                0   0   0   0   0   0   0   0 591  51   0   0   0   0   0   0
                0   0  60   0   0   0  18   0   0   0   0   0   0  64   0   0
               31   0   0   0   0   0 117   0   0   0   0   0   0   0   0   0
                0   0   0   0   0   0   0   0   0 146 173 347  85   0  25   0
                0   0   0   4   0   0   0  57   0   0 114 252   0   0   0   0
                0   0   0   0   0   0   0 272   0 161   0   0   0   0   0   0
                0   0   0   0   0   0 168   0   0   0   0   0   0   0   0   0
                0   0  38   0   0   0   0   0   0 253   0   0   0   0   0   0
                0 648 150   0  16   0   0   0   0   0   0   0   0   0   0   0
                0   0   0   0   0   0   0   0   0   0   0   0   0   0   0   0
                0   0   0   0   0   0   0   0   0   0   0   0   0   0   0   0
                0   0   0   0   0   0   0   0   0   0   0   0   0   0   0   0
                0   0   0   0   0   0   0   0   0   0   0   0   0   0   0   0
                0   0   0   0   0   0   0   0   0   0   0   0   0   0   0   0
                0   0   0   0   0   0   0   0   0   0   0   0   0   0   0   0
00000
