ARQUIVO DE PLUVIOMETRIA ANUAL
CODIGO: 357   POSTO: Solidão


ANO: 1980
----------------------------------------------------------------------------------------------
 DIA         JAN    FEV    MAR    ABR    MAI    JUN    JUL    AGO    SET    OUT    NOV    DEZ
----------------------------------------------------------------------------------------------
   1        -1,0   -1,0   -1,0   -1,0   -1,0   -1,0   -1,0   -1,0   -1,0   -1,0   -1,0   -1,0
   2        -1,0   -1,0   -1,0   -1,0   -1,0   -1,0   -1,0   -1,0   -1,0   -1,0   -1,0   -1,0
   3         0,0   -1,0   -1,0   -1,0   -1,0   -1,0   -1,0   -1,0   -1,0   -1,0   -1,0   -1,0
   4        -1,0   -1,0   -1,0   -1,0   -1,0   -1,0   -1,0   -1,0   -1,0   -1,0   -1,0   -1,0
   5        -1,0   -1,0   -1,0   -1,0   -1,0   -1,0   -1,0   -1,0   -1,0   -1,0   -1,0   -1,0
   6        -1,0   -1,0   -1,0   -1,0   -1,0   -1,0   -1,0   -1,0   -1,0   -1,0   -1,0   -1,0
   7        -1,0   -1,0   -1,0   -1,0   -1,0   -1,0   -1,0   -1,0   -1,0   -1,0   -1,0   -1,0
   8        -1,0   -1,0   -1,0   -1,0   -1,0   -1,0   -1,0   -1,0   -1,0   -1,0   -1,0   -1,0
   9        -1,0   -1,0   -1,0   -1,0   -1,0   -1,0   -1,0   -1,0   -1,0   -1,0   -1,0   -1,0
  10        -1,0   -1,0   -1,0   -1,0   -1,0   -1,0   -1,0   -1,0   -1,0   -1,0   -1,0   -1,0
  11        -1,0   -1,0   -1,0   -1,0   -1,0   -1,0   -1,0   -1,0   -1,0   -1,0   -1,0   -1,0
  12        -1,0   -1,0   -1,0   -1,0   -1,0   -1,0   -1,0   -1,0   -1,0   -1,0   -1,0   -1,0
  13        -1,0   -1,0   -1,0   -1,0   -1,0   -1,0   -1,0   -1,0   -1,0   -1,0   -1,0   -1,0
  14        -1,0   -1,0   -1,0   -1,0   -1,0   -1,0   -1,0   -1,0   -1,0   -1,0   -1,0   -1,0
  15        -1,0   -1,0   -1,0   -1,0   -1,0   -1,0   -1,0   -1,0   -1,0   -1,0   -1,0   -1,0
  16        -1,0   -1,0   -1,0   -1,0   -1,0   -1,0   -1,0   -1,0   -1,0   -1,0   -1,0   -1,0
  17        -1,0   -1,0   -1,0   -1,0   -1,0   -1,0   -1,0   -1,0   -1,0   -1,0   -1,0   -1,0
  18        -1,0   -1,0   -1,0   -1,0   -1,0   -1,0   -1,0   -1,0   -1,0   -1,0   -1,0   -1,0
  19        -1,0   -1,0   -1,0   -1,0   -1,0   -1,0   -1,0   -1,0   -1,0   -1,0   -1,0   -1,0
  20        -1,0   -1,0   -1,0   -1,0   -1,0   -1,0   -1,0   -1,0   -1,0   -1,0   -1,0   -1,0
  21        -1,0   -1,0   -1,0   -1,0   -1,0   -1,0   -1,0   -1,0   -1,0   -1,0   -1,0   -1,0
  22        -1,0   -1,0   -1,0   -1,0   -1,0   -1,0   -1,0   -1,0   -1,0   -1,0   -1,0   -1,0
  23        -1,0   -1,0   -1,0   -1,0   -1,0   -1,0   -1,0   -1,0   -1,0   -1,0   -1,0   -1,0
  24        -1,0   -1,0   -1,0   -1,0   -1,0   -1,0   -1,0   -1,0   -1,0   -1,0   -1,0   -1,0
  25        -1,0   -1,0   -1,0   -1,0   -1,0   -1,0   -1,0   -1,0   -1,0   -1,0   -1,0   -1,0
  26        -1,0   -1,0   -1,0   -1,0   -1,0   -1,0   -1,0   -1,0   -1,0   -1,0   -1,0   -1,0
  27        -1,0   -1,0   -1,0   -1,0   -1,0   -1,0   -1,0   -1,0   -1,0   -1,0   -1,0   -1,0
  28        -1,0   -1,0   -1,0   -1,0   -1,0   -1,0   -1,0   -1,0   -1,0   -1,0   -1,0   -1,0
  29        -1,0   -1,0   -1,0   -1,0   -1,0   -1,0   -1,0   -1,0   -1,0   -1,0   -1,0   -1,0
  30        -1,0          -1,0   -1,0   -1,0   -1,0   -1,0   -1,0   -1,0   -1,0   -1,0   -1,0
  31        -1,0          -1,0          -1,0          -1,0   -1,0          -1,0          -1,0
----------------------------------------------------------------------------------------------
TOTAL        0,0   -1,0   -1,0   -1,0   -1,0   -1,0   -1,0   -1,0   -1,0   -1,0   -1,0   -1,0
MINIMA       0,0   -1,0   -1,0   -1,0   -1,0   -1,0   -1,0   -1,0   -1,0   -1,0   -1,0   -1,0
MAXIMA       0,0   -1,0   -1,0   -1,0   -1,0   -1,0   -1,0   -1,0   -1,0   -1,0   -1,0   -1,0
MEDIA        0,0    2,9    6,3    5,1    7,1    0,7    1,1    0,3    0,1    0,0    0,0    1,0
MED.HIST.   68,0   99,0  156,0  136,0   63,0   39,0   24,0   11,0    2,0   10,0   13,0   20,0
----------------------------------------------------------------------------------------------


ANO: 1998
----------------------------------------------------------------------------------------------
 DIA         JAN    FEV    MAR    ABR    MAI    JUN    JUL    AGO    SET    OUT    NOV    DEZ
----------------------------------------------------------------------------------------------
   1        -1,0   -1,0   -1,0   -1,0   -1,0   -1,0   -1,0   -1,0   -1,0   -1,0   -1,0   -1,0
   2        -1,0   -1,0   -1,0   -1,0   -1,0   -1,0   -1,0   -1,0   -1,0   -1,0   -1,0   -1,0
   3        -1,0   -1,0   -1,0   -1,0   -1,0   -1,0   -1,0   -1,0   -1,0   -1,0   -1,0   -1,0
   4        -1,0   -1,0   -1,0   -1,0   -1,0   -1,0   -1,0   -1,0   -1,0   -1,0   -1,0   -1,0
   5        -1,0   -1,0   -1,0   -1,0   -1,0   -1,0   -1,0   -1,0   -1,0   -1,0   -1,0   -1,0
   6        -1,0   -1,0   -1,0   -1,0   -1,0   -1,0   -1,0   -1,0   -1,0   -1,0   -1,0   -1,0
   7        -1,0   -1,0   -1,0   -1,0   -1,0   -1,0   -1,0   -1,0   -1,0   -1,0   -1,0   -1,0
   8        -1,0   -1,0   -1,0   -1,0   -1,0   -1,0   -1,0   -1,0   -1,0   -1,0   -1,0   -1,0
   9        -1,0   -1,0   -1,0   -1,0   -1,0   -1,0   -1,0   -1,0   -1,0   -1,0   -1,0   -1,0
  10        -1,0   -1,0   -1,0   -1,0   -1,0   -1,0   -1,0   -1,0   -1,0   -1,0   -1,0   -1,0
  11        -1,0   -1,0   -1,0   -1,0   -1,0   -1,0   -1,0   -1,0   -1,0   -1,0   -1,0   -1,0
  12        -1,0   -1,0   -1,0   -1,0   -1,0   -1,0   -1,0   -1,0   -1,0   -1,0   -1,0   -1,0
  13        -1,0   -1,0   -1,0   -1,0   -1,0   -1,0   -1,0   -1,0   -1,0   -1,0   -1,0   -1,0
  14        -1,0   -1,0   -1,0   -1,0   -1,0   -1,0   -1,0   -1,0   -1,0   -1,0   -1,0   -1,0
  15        -1,0   -1,0   -1,0   -1,0   -1,0   -1,0   -1,0   -1,0   -1,0   -1,0   -1,0   -1,0
  16        -1,0   -1,0   -1,0   -1,0   -1,0   -1,0   -1,0   -1,0   -1,0   -1,0   -1,0   -1,0
  17        -1,0   -1,0   -1,0   -1,0   -1,0   -1,0   -1,0   -1,0   -1,0   -1,0   -1,0   -1,0
  18        -1,0   -1,0   -1,0   -1,0   -1,0   -1,0   -1,0   -1,0   -1,0   -1,0   -1,0   -1,0
  19        -1,0   -1,0   -1,0   -1,0   -1,0   -1,0   -1,0   -1,0   -1,0   -1,0   -1,0   -1,0
  20        -1,0   -1,0   -1,0   -1,0   -1,0   -1,0   -1,0   -1,0   -1,0   -1,0   -1,0   -1,0
  21        -1,0   -1,0   -1,0   -1,0   -1,0   -1,0   -1,0   -1,0   -1,0   -1,0   -1,0   -1,0
  22        -1,0   -1,0   -1,0   -1,0   -1,0   -1,0   -1,0   -1,0   -1,0    0,0   -1,0   -1,0
  23        -1,0   -1,0   -1,0   -1,0   -1,0   -1,0   -1,0   -1,0   -1,0   -1,0   -1,0   -1,0
  24        -1,0   -1,0   -1,0   -1,0   -1,0   -1,0   -1,0   -1,0   -1,0   -1,0   -1,0   -1,0
  25        -1,0   -1,0   -1,0   -1,0   -1,0   -1,0   -1,0   -1,0   -1,0   -1,0   -1,0   -1,0
  26        -1,0   -1,0   -1,0   -1,0   -1,0   -1,0   -1,0   -1,0   -1,0   -1,0   -1,0   -1,0
  27        -1,0   -1,0   -1,0   -1,0   -1,0   -1,0   -1,0   -1,0   -1,0   -1,0   -1,0   -1,0
  28        -1,0   -1,0   -1,0   -1,0   -1,0   -1,0   -1,0   -1,0   -1,0   -1,0   -1,0   -1,0
  29        -1,0          -1,0   -1,0   -1,0   -1,0   -1,0   -1,0   -1,0   -1,0   -1,0   -1,0
  30        -1,0          -1,0   -1,0   -1,0   -1,0   -1,0   -1,0   -1,0   -1,0   -1,0   -1,0
  31        -1,0          -1,0          -1,0          -1,0   -1,0          -1,0          -1,0
----------------------------------------------------------------------------------------------
TOTAL       -1,0   -1,0   -1,0   -1,0   -1,0   -1,0   -1,0   -1,0   -1,0    0,0   -1,0   -1,0
MINIMA      -1,0   -1,0   -1,0   -1,0   -1,0   -1,0   -1,0   -1,0   -1,0    0,0   -1,0   -1,0
MAXIMA      -1,0   -1,0   -1,0   -1,0   -1,0   -1,0   -1,0   -1,0   -1,0    0,0   -1,0   -1,0
MEDIA        0,0    2,9    6,3    5,1    7,1    0,7    1,1    0,3    0,1    0,0    0,0    1,0
MED.HIST.   68,0   99,0  156,0  136,0   63,0   39,0   24,0   11,0    2,0   10,0   13,0   20,0
----------------------------------------------------------------------------------------------


ANO: 2000
----------------------------------------------------------------------------------------------
 DIA         JAN    FEV    MAR    ABR    MAI    JUN    JUL    AGO    SET    OUT    NOV    DEZ
----------------------------------------------------------------------------------------------
   1        -1,0   -1,0   -1,0   -1,0   -1,0   -1,0   -1,0   -1,0   -1,0   -1,0   -1,0   -1,0
   2        -1,0   -1,0   -1,0   -1,0   -1,0   -1,0   -1,0   -1,0   -1,0   -1,0   -1,0   -1,0
   3        -1,0   -1,0   -1,0   -1,0   -1,0   -1,0   -1,0   -1,0   -1,0   -1,0   -1,0   -1,0
   4        -1,0   -1,0   -1,0   -1,0   -1,0   -1,0   -1,0   -1,0   -1,0   -1,0   -1,0   -1,0
   5        -1,0   -1,0   -1,0   -1,0   -1,0   -1,0   -1,0   -1,0   -1,0   -1,0   -1,0   -1,0
   6        -1,0   -1,0   -1,0   -1,0   -1,0   -1,0   -1,0   -1,0   -1,0   -1,0   -1,0   -1,0
   7        -1,0   -1,0   -1,0   -1,0   -1,0   -1,0   -1,0   -1,0   -1,0   -1,0   -1,0   -1,0
   8        -1,0   -1,0   -1,0   -1,0   -1,0   -1,0   -1,0   -1,0   -1,0   -1,0   -1,0   -1,0
   9        -1,0   -1,0   -1,0   -1,0   -1,0   -1,0   -1,0   -1,0   -1,0   -1,0   -1,0   -1,0
  10        -1,0   -1,0   -1,0   -1,0   -1,0   -1,0   -1,0   -1,0   -1,0   -1,0   -1,0   -1,0
  11        -1,0   -1,0   -1,0   -1,0   -1,0   -1,0   -1,0   -1,0   -1,0   -1,0   -1,0   -1,0
  12        -1,0   -1,0   -1,0   -1,0   -1,0   -1,0   -1,0   -1,0   -1,0   -1,0   -1,0   -1,0
  13        -1,0   -1,0   -1,0   -1,0   -1,0   -1,0   -1,0   -1,0   -1,0   -1,0   -1,0   -1,0
  14        -1,0   -1,0   -1,0   -1,0   -1,0   -1,0   -1,0   -1,0   -1,0   -1,0   -1,0   -1,0
  15        -1,0   -1,0   -1,0   -1,0   -1,0   -1,0   -1,0   -1,0   -1,0   -1,0   -1,0   -1,0
  16        -1,0   -1,0   -1,0   -1,0   -1,0   -1,0   -1,0   -1,0   -1,0   -1,0   -1,0   -1,0
  17        -1,0   -1,0   -1,0   -1,0   -1,0   -1,0   -1,0   -1,0   -1,0   -1,0   -1,0   -1,0
  18        -1,0   -1,0   -1,0   -1,0   -1,0   -1,0   -1,0   -1,0   -1,0   -1,0   -1,0   -1,0
  19        -1,0   -1,0   -1,0   -1,0   -1,0    0,0   -1,0   -1,0   -1,0   -1,0   -1,0   -1,0
  20        -1,0   -1,0   -1,0   -1,0   -1,0   -1,0   -1,0   -1,0   -1,0   -1,0   -1,0   -1,0
  21        -1,0   -1,0   -1,0   -1,0   -1,0   -1,0   -1,0   -1,0   -1,0   -1,0   -1,0   -1,0
  22        -1,0   -1,0   -1,0   -1,0   -1,0   -1,0   -1,0   -1,0   -1,0   -1,0   -1,0   -1,0
  23        -1,0   -1,0   -1,0   -1,0   -1,0   -1,0   -1,0   -1,0   -1,0   -1,0   -1,0   -1,0
  24        -1,0   -1,0   -1,0   -1,0   -1,0   -1,0   -1,0   -1,0   -1,0   -1,0   -1,0   -1,0
  25        -1,0   -1,0   -1,0   -1,0   -1,0   -1,0   -1,0   -1,0   -1,0   -1,0   -1,0   -1,0
  26        -1,0   -1,0   -1,0   -1,0   -1,0   -1,0   -1,0   -1,0   -1,0   -1,0   -1,0   -1,0
  27        -1,0   -1,0   -1,0   -1,0   -1,0   -1,0   -1,0   -1,0   -1,0   -1,0   -1,0   -1,0
  28        -1,0   -1,0   -1,0   -1,0   -1,0   -1,0   -1,0   -1,0   -1,0   -1,0   -1,0   -1,0
  29        -1,0   -1,0   -1,0   -1,0   -1,0   -1,0   -1,0   -1,0   -1,0   -1,0   -1,0   -1,0
  30        -1,0          -1,0   -1,0   -1,0   -1,0   -1,0   -1,0   -1,0   -1,0   -1,0   -1,0
  31        -1,0          -1,0          -1,0          -1,0   -1,0          -1,0          -1,0
----------------------------------------------------------------------------------------------
TOTAL       -1,0   -1,0   -1,0   -1,0   -1,0    0,0   -1,0   -1,0   -1,0   -1,0   -1,0   -1,0
MINIMA      -1,0   -1,0   -1,0   -1,0   -1,0    0,0   -1,0   -1,0   -1,0   -1,0   -1,0   -1,0
MAXIMA      -1,0   -1,0   -1,0   -1,0   -1,0    0,0   -1,0   -1,0   -1,0   -1,0   -1,0   -1,0
MEDIA        0,0    2,9    6,3    5,1    7,1    0,0    1,1    0,3    0,1    0,0    0,0    1,0
MED.HIST.   68,0   99,0  156,0  136,0   63,0   39,0   24,0   11,0    2,0   10,0   13,0   20,0
----------------------------------------------------------------------------------------------


ANO: 2001
----------------------------------------------------------------------------------------------
 DIA         JAN    FEV    MAR    ABR    MAI    JUN    JUL    AGO    SET    OUT    NOV    DEZ
----------------------------------------------------------------------------------------------
   1        -1,0   -1,0   -1,0   -1,0   -1,0   -1,0   -1,0   -1,0   -1,0    0,0    0,0    0,0
   2        -1,0   -1,0   -1,0   -1,0   -1,0   -1,0   -1,0   -1,0   -1,0    0,0    0,0    0,0
   3        -1,0   -1,0   -1,0   -1,0   -1,0   -1,0   -1,0   -1,0   -1,0    0,0    0,0    0,0
   4        -1,0   -1,0   -1,0   -1,0   -1,0   -1,0   -1,0   -1,0   -1,0    0,0    0,0    0,0
   5        -1,0   -1,0   -1,0   -1,0   -1,0   -1,0   -1,0   -1,0   -1,0    0,0    0,0    0,0
   6        -1,0   -1,0   -1,0   -1,0   -1,0   -1,0   -1,0   -1,0   -1,0    0,0    0,0    0,0
   7        -1,0   -1,0   -1,0   -1,0   -1,0   -1,0   -1,0   -1,0   -1,0    0,0    0,0    0,0
   8        -1,0   -1,0   -1,0   -1,0   -1,0   -1,0   -1,0   -1,0   -1,0    0,0    0,0    0,0
   9        -1,0   -1,0   -1,0   -1,0   -1,0   -1,0   -1,0   -1,0   -1,0    0,0    0,0    0,0
  10        -1,0   -1,0   -1,0   -1,0   -1,0   -1,0   -1,0   -1,0   -1,0    0,0    0,0    0,0
  11        -1,0   -1,0   -1,0   -1,0   -1,0   -1,0   -1,0   -1,0   -1,0    0,0    0,0    0,0
  12        -1,0   -1,0   -1,0   -1,0   -1,0   -1,0   -1,0   -1,0   -1,0    0,0    0,0    0,0
  13        -1,0   -1,0   -1,0   -1,0   -1,0   -1,0   -1,0   -1,0   -1,0    0,0    0,0    0,0
  14        -1,0   -1,0   -1,0   -1,0   -1,0   -1,0   -1,0   -1,0   -1,0    0,0    0,0    0,0
  15        -1,0   -1,0   -1,0   -1,0   -1,0   -1,0   -1,0   -1,0   -1,0    0,0    0,0    0,0
  16        -1,0   -1,0   -1,0   -1,0   -1,0   -1,0   -1,0   -1,0   -1,0    0,0    0,0    0,0
  17        -1,0   -1,0   -1,0   -1,0   -1,0   -1,0   -1,0   -1,0   -1,0    0,0    0,0    0,0
  18        -1,0   -1,0   -1,0   -1,0   -1,0   -1,0   -1,0   -1,0   -1,0    0,0    0,0    0,0
  19        -1,0   -1,0   -1,0   -1,0   -1,0   -1,0   -1,0   -1,0   -1,0    0,0    0,0    0,0
  20        -1,0   -1,0   -1,0   -1,0   -1,0   -1,0   -1,0   -1,0   -1,0    0,0    0,0    0,0
  21        -1,0   -1,0   -1,0   -1,0   -1,0   -1,0   -1,0   -1,0   -1,0    0,0    0,0    0,0
  22        -1,0   -1,0   -1,0   -1,0   -1,0   -1,0   -1,0   -1,0   -1,0    0,0    0,0    0,0
  23        -1,0   -1,0   -1,0   -1,0   -1,0   -1,0   -1,0   -1,0   -1,0    0,0    0,0    0,0
  24         0,0   -1,0   -1,0   -1,0   -1,0   -1,0   -1,0   -1,0   -1,0    0,0    0,0    0,0
  25        -1,0   -1,0   -1,0   -1,0   -1,0   -1,0   -1,0   -1,0   -1,0    0,0    0,0    0,0
  26        -1,0   -1,0   -1,0   -1,0   -1,0   -1,0   -1,0   -1,0   -1,0    0,0    0,0    0,0
  27        -1,0   -1,0   -1,0   -1,0   -1,0   -1,0   -1,0   -1,0   -1,0   29,7    0,0    0,0
  28        -1,0   -1,0   -1,0   -1,0   -1,0   -1,0   -1,0   -1,0    0,0    0,0    0,0    0,0
  29        -1,0          -1,0   -1,0   -1,0   -1,0   -1,0   -1,0    0,0    0,0    0,0    0,0
  30        -1,0          -1,0   -1,0   -1,0   -1,0   -1,0   -1,0    0,0    0,0    0,0   38,6
  31        -1,0          -1,0          -1,0          -1,0   -1,0           0,0           0,0
----------------------------------------------------------------------------------------------
TOTAL        0,0   -1,0   -1,0   -1,0   -1,0   -1,0   -1,0   -1,0    0,0   29,7    0,0   38,6
MINIMA       0,0   -1,0   -1,0   -1,0   -1,0   -1,0   -1,0   -1,0    0,0   29,7    0,0   38,6
MAXIMA       0,0   -1,0   -1,0   -1,0   -1,0   -1,0   -1,0   -1,0    0,0   29,7    0,0   38,6
MEDIA        0,0    2,9    6,3    5,1    7,1    0,0    1,1    0,3    0,0    1,0    0,0    1,2
MED.HIST.   68,0   99,0  156,0  136,0   63,0   39,0   24,0   11,0    2,0   10,0   13,0   20,0
----------------------------------------------------------------------------------------------


ANO: 2002
----------------------------------------------------------------------------------------------
 DIA         JAN    FEV    MAR    ABR    MAI    JUN    JUL    AGO    SET    OUT    NOV    DEZ
----------------------------------------------------------------------------------------------
   1        18,6    0,0    0,0    0,0    0,0    0,0    0,0    0,0    0,0    0,0    0,0    0,0
   2       122,6    0,0    0,0    4,3    0,0    0,0   14,5    0,0    0,0    0,0    0,0    0,0
   3        20,0    4,3    0,0    3,2    0,0    0,0    0,0    0,0    0,0    0,0    0,0    0,0
   4         0,0    0,0   29,4    4,0    0,0    0,0    0,0    0,0    0,0    0,0    0,0    0,0
   5         4,2    0,0   18,6    3,4    0,0    0,0    2,7    0,0    0,0    0,0    0,0    0,0
   6         0,9    0,0   19,5    0,0    0,0    0,0    0,0    0,0    0,0    0,0    0,0    0,0
   7         1,1    0,0    0,4    0,0   17,1   63,3    0,0    0,0    0,0    0,0    0,0    0,0
   8        13,1    0,0    0,0    0,0    0,4    0,0    3,7    0,0    0,0    0,0    0,0    0,0
   9         1,6    0,0    2,7    0,0    0,1    3,0    0,0    0,0    0,0   22,7    1,6    2,8
  10         5,5    0,0    0,0    0,0    0,0    1,0    0,0    0,0    0,0    1,8    0,0    0,0
  11        17,5    0,0    0,0   44,7   30,0    0,0   12,0    0,0    0,0    0,0    0,0    0,0
  12         1,0    0,0    0,0   10,6    0,0    0,0    0,0   16,1    0,0    0,0    0,0    0,0
  13         0,0   80,9    0,0    6,9    0,0    0,0    0,0    0,0    0,0    0,0    0,0    0,0
  14        15,3    9,5    0,0    0,0    0,0    0,0    0,0    0,0    0,0    0,0    0,0    0,0
  15         0,0    0,0    0,0    0,0   15,3    0,0    0,0    0,0    0,0    0,0    0,0    0,0
  16         2,2    0,0   14,5    0,0    6,0   28,0    0,0    0,0    0,0    0,0    0,0    0,0
  17       109,3    0,0   11,5    0,0    0,0   11,9    0,0    0,0    0,0    0,0    0,0    0,0
  18        20,0    0,0    0,0    0,0   22,9    0,0    0,0    0,0    0,0    0,0    0,0    0,0
  19         5,4    0,0    7,3    0,0    0,0    0,0    0,0    0,0    0,0    0,0    0,0    0,0
  20         0,0    0,0   83,3    0,0    0,0    0,0    0,0    0,0    0,0    0,0    0,0    0,0
  21         6,7    0,0   24,3    0,0    0,0    0,0    0,0    0,0    0,0    0,0    0,0    0,0
  22         0,0    0,0    0,0    0,0    0,0    0,0    0,0    0,0    0,0    0,0    1,0    0,0
  23         0,0    0,0   21,2    0,0    0,0    0,0    0,0    5,1    0,0    0,0    0,0    0,0
  24         0,0    0,0   62,1    0,0    0,0    0,0    0,0    0,0    0,0    0,0    0,0    0,0
  25         0,0    0,0    5,7    0,0    0,0    0,0    0,0    0,4    0,0    0,0    0,0   11,3
  26         0,0    0,0    0,8    0,0    0,0    0,0    0,0    0,0    0,0    0,0    0,0    0,0
  27         0,0    0,0    0,0    0,0    0,0    0,0    0,0    0,0    0,0    0,0    0,0    1,0
  28         0,0    0,0    0,0    0,0    0,0    0,0    0,0    0,0    0,0    0,0    0,0    0,0
  29         0,0           0,0    0,0    0,0    0,0    3,9    0,0    0,0    0,0    0,0    0,0
  30         6,5           0,0    0,0    0,0    0,0    0,0    0,0    0,0    0,0    0,0    0,0
  31         0,0           0,0           1,4           0,0    0,0           0,0           0,0
----------------------------------------------------------------------------------------------
TOTAL      371,5   94,7  301,3   77,1   93,2  107,2   36,8   21,6    0,0   24,5    2,6   15,1
MINIMA       0,9    4,3    0,4    3,2    0,1    1,0    2,7    0,4    0,0    1,8    1,0    1,0
MAXIMA     122,6   80,9   83,3   44,7   30,0   63,3   14,5   16,1    0,0   22,7    1,6   11,3
MEDIA       12,0    3,4    9,7    2,6    3,0    3,6    1,2    0,7    0,0    0,8    0,1    0,5
MED.HIST.   68,0   99,0  156,0  136,0   63,0   39,0   24,0   11,0    2,0   10,0   13,0   20,0
----------------------------------------------------------------------------------------------


ANO: 2003
----------------------------------------------------------------------------------------------
 DIA         JAN    FEV    MAR    ABR    MAI    JUN    JUL    AGO    SET    OUT    NOV    DEZ
----------------------------------------------------------------------------------------------
   1         0,0    0,0    0,0    8,7    0,0    0,0    0,0    0,0    1,7    0,0    0,0    0,0
   2         0,0    8,3    0,0    0,0    9,7    0,0    0,0    0,0    0,0    0,0    0,0    0,0
   3         0,0    0,0    0,0    0,0    0,0    0,0    0,0    0,0    0,0    0,0    0,0    0,0
   4         0,0    0,0    0,0    0,0    0,0    0,0    0,0    0,0    0,0    0,0    0,0    0,0
   5         0,0    0,0    0,0    0,0   12,9    0,0    0,0    0,0    0,0    0,0   41,1    0,0
   6         0,0    0,0    0,0    0,0    1,8    0,0    0,0    0,0    0,0    0,0    0,0    0,0
   7         0,0    3,0    0,0    3,8    0,0    0,0    2,7    0,0    0,0    0,0    2,9    0,0
   8         0,0   32,5    3,7   57,0    0,0    0,0    0,0    0,0    0,0    0,0    0,0    0,0
   9         0,0    0,0    0,0    0,0    0,0    0,0    0,0    0,0    0,0    0,0    0,0    0,0
  10         0,0    0,0    0,0    0,0    0,0   13,2    0,0    0,0    0,0    0,0    0,0    0,0
  11         0,0    0,0    0,0    0,0    0,0    0,0    0,0    0,0    0,0    0,0    0,0    0,0
  12         0,0    0,0    0,0    0,0    0,0    0,0    0,0    0,0    0,0    0,0    0,0    0,0
  13         0,0    8,0    1,7    0,0    5,1    0,0    0,0    0,0    0,0    0,0    0,0    0,0
  14         0,0    0,0    0,0    0,0    0,0    0,0    0,0    0,0    0,0    0,0    0,0    0,0
  15         0,0    0,0    0,0    0,0    0,0    0,0    0,0    0,0    5,0    0,0    0,0    0,0
  16         0,0    0,0    0,0    0,0    0,0   15,0    0,0    0,0    0,0    0,0    0,0    0,0
  17         0,0    0,0   22,1    0,0    0,0    0,0    0,0    0,0    0,0    0,0    0,0    0,0
  18         0,0    0,0   21,1    0,0    0,0    0,0    0,0    0,0    0,0    7,5    0,0    0,0
  19        13,0    0,0   46,5    0,0    0,0    0,0    0,0    0,0    0,0    0,0    0,0    0,0
  20        55,0   10,5    2,6    0,0    0,7    0,0    0,0    0,0    0,0    0,0    0,0    0,0
  21         5,5    0,0    1,0    0,0    0,0    0,0    0,0    0,0    0,0    0,0    0,0    0,0
  22         6,3   28,7    0,0    5,1    0,0    0,0    0,0    0,0    0,0    0,0    0,0    0,0
  23         0,0    0,0   57,6    0,0    0,0    0,0    0,0    0,0    0,0    0,0    0,0    0,0
  24        23,1   55,3    0,0    0,0    0,0    0,0    0,0    0,0    0,0    0,0    0,0    0,0
  25        48,0    6,8    0,0    0,0    0,0    0,0    0,0    0,0    0,0    0,0    0,0    0,0
  26         0,0    0,0    0,0    0,0    0,0    0,0    0,0    0,0    0,0    0,0    0,0    0,0
  27        33,4   31,6    0,0    8,5    0,0    0,0    0,0    0,0    0,0    0,0    0,0    0,0
  28        67,3    0,0    0,0   17,0    0,0    0,0    0,0    0,0    0,0    0,0    0,0    0,0
  29         0,0           0,0    0,0   37,8    0,0    0,0    0,0    0,0    0,0    0,0    0,0
  30         0,0          45,5    0,0    0,4    0,0    0,0    0,0    0,0    0,0    0,0    0,0
  31         0,0          57,0           0,0           0,0    0,0           0,0           0,0
----------------------------------------------------------------------------------------------
TOTAL      251,6  184,7  258,8  100,1   68,4   28,2    2,7    0,0    6,7    7,5   44,0    0,0
MINIMA       5,5    3,0    1,0    3,8    0,4   13,2    2,7    0,0    1,7    7,5    2,9    0,0
MAXIMA      67,3   55,3   57,6   57,0   37,8   15,0    2,7    0,0    5,0    7,5   41,1    0,0
MEDIA        8,1    6,6    8,3    3,3    2,2    0,9    0,1    0,0    0,2    0,2    1,5    0,0
MED.HIST.   68,0   99,0  156,0  136,0   63,0   39,0   24,0   11,0    2,0   10,0   13,0   20,0
----------------------------------------------------------------------------------------------


ANO: 2004
----------------------------------------------------------------------------------------------
 DIA         JAN    FEV    MAR    ABR    MAI    JUN    JUL    AGO    SET    OUT    NOV    DEZ
----------------------------------------------------------------------------------------------
   1         0,0   54,0    0,0    0,0    0,0    0,0    0,0    0,0    0,0    0,0    0,0    0,0
   2         0,0    0,0    0,0    0,0    0,0    7,2    0,0   32,3    0,0    0,0    0,0    0,0
   3         0,0   76,5    3,5    0,0    0,0    0,0    0,0    0,0    0,0    0,0    0,0    0,0
   4         0,0   12,1    0,0    0,0    0,0   12,9    0,0    0,0    0,0    0,0    0,0    0,0
   5         0,0    8,6    0,0    0,0    0,0    7,8    0,0    0,0    0,0    0,0    0,0    0,0
   6         0,0    7,0    0,0    0,0    0,0    7,2    0,0    0,0    0,0    0,0    0,0    0,0
   7         0,0    0,0    0,0    8,7    0,0    0,1    0,0    0,0    0,0    0,0    0,0    0,0
   8         3,7    4,9   12,3    0,0    0,0    0,4    0,0    0,0    0,0    0,0    0,0    0,0
   9         0,0    0,0    0,0    0,0    0,0    0,0    0,0    0,0    0,0    0,0    0,0    0,0
  10         0,0    0,0    0,0    0,0   40,0    0,0    0,0    0,0    0,0    0,0    0,0    0,0
  11         0,0    0,0    0,0    0,0    6,4    0,0    0,0    0,0    0,0    0,0    0,0    0,0
  12        20,7    0,0   53,5    0,0    0,0    0,0    0,0    0,0    0,0    0,0    0,0    0,0
  13         9,5   22,3    0,0    0,0    1,2   37,5    0,0    0,0    0,0    0,0    0,0    0,0
  14        18,5    0,0    0,0   28,3    0,0    1,5    0,0    0,0    0,0    0,0    0,0    0,0
  15        43,9    0,0    0,0    0,0    0,0   16,1    0,0    0,0    0,0    0,0    6,0    0,0
  16         0,0    0,0    8,5    0,0    0,0    0,0   28,8    0,0    0,0    0,0    0,0    0,0
  17         0,0    0,0    0,0    0,0    0,0    6,1    0,0    0,0    0,0    0,0    0,0    0,0
  18         0,0    0,0    0,0    0,0    0,0   19,5    0,0    0,0    0,0    0,0    0,0    0,0
  19        75,1    0,0    0,0    0,0    0,0    0,0    0,0    0,0    0,0    0,0    0,0    0,0
  20         2,2    0,0    0,0    0,0    0,0    0,0    0,0    0,0    0,0    0,0    0,0    0,0
  21        24,4    0,0    0,0    0,0   20,3    6,0    0,0    0,0    0,0    0,0    0,0    0,0
  22        30,0    0,0    0,0    0,0    0,0    0,0    0,0    0,0    0,0    0,0    0,0    0,0
  23         0,0    0,0    0,0    0,0    0,0    0,0    0,0   22,3    0,0    0,0    0,0    0,0
  24         0,0   17,8    0,0    0,0   17,8    0,0    0,0    0,0    0,0    0,0    0,0    0,0
  25        95,0    0,0    0,0    0,0    0,0    0,0    0,0    0,0    0,0    0,0    0,0    0,0
  26        94,3    0,0    0,0    0,0    0,0    0,0    0,0    0,0    0,0    0,0    0,0    0,0
  27        25,0   70,2    0,0   32,7    0,0    0,0    0,0    0,0    0,0    0,0    0,0    0,0
  28        20,0    1,2    0,0    0,0    0,0    5,8    0,0    0,0    0,0    0,0    0,0   95,0
  29         0,9    0,0    0,0    0,0    0,0    0,0    0,0    0,0    0,0    0,0    0,0    0,0
  30        19,9           0,0    0,0    0,0    0,0    0,0    0,0    0,0    0,0    0,0    0,0
  31         0,0           0,0           0,0           0,0    0,0           0,0           0,0
----------------------------------------------------------------------------------------------
TOTAL      483,1  274,6   77,8   69,7   85,7  128,1   28,8   54,6    0,0    0,0    6,0   95,0
MINIMA       0,9    1,2    3,5    8,7    1,2    0,1   28,8   22,3    0,0    0,0    6,0   95,0
MAXIMA      95,0   76,5   53,5   32,7   40,0   37,5   28,8   32,3    0,0    0,0    6,0   95,0
MEDIA       15,6    9,5    2,5    2,3    2,8    4,3    0,9    1,8    0,0    0,0    0,2    3,1
MED.HIST.   68,0   99,0  156,0  136,0   63,0   39,0   24,0   11,0    2,0   10,0   13,0   20,0
----------------------------------------------------------------------------------------------


ANO: 2005
----------------------------------------------------------------------------------------------
 DIA         JAN    FEV    MAR    ABR    MAI    JUN    JUL    AGO    SET    OUT    NOV    DEZ
----------------------------------------------------------------------------------------------
   1         0,0    0,0    0,0    0,0    0,0    2,0    0,0    0,0    0,0    0,0    0,0    0,0
   2         0,0    0,0    0,0    0,0    0,0    0,0    0,0    0,0    0,0    0,0    0,0    0,0
   3         0,0    0,0    0,0    5,0   38,0   34,0    0,0    0,0    0,0    0,0    0,0    0,0
   4         0,0    0,0    0,0    0,0    5,8    0,0    0,0    0,0    0,0    0,0    0,0    0,0
   5         0,0    0,0    0,0    0,0    0,0    0,0    0,0    0,0    0,0    0,0    0,0   14,0
   6         0,0    0,0    0,0    0,0    0,0    0,0    0,0    0,0    0,0    0,0    0,0   16,5
   7         0,0    0,0    0,0    0,0    0,0    0,0    0,0    0,0    0,0    0,0    0,0    3,0
   8         0,0    0,0    0,0    4,0   10,5    0,0    0,0    0,0    0,0    0,0    0,0   30,0
   9         0,0    0,0    0,0    0,0    0,0    0,0    0,0    0,0    0,0    0,0    0,0    0,0
  10         0,0    0,0    0,0    0,0    0,0    0,0    0,0    0,0    0,0    0,0    0,0    0,0
  11         0,0    0,0    0,0    0,0    0,0    0,0    0,0    0,0    0,0    0,0    0,0    0,0
  12         0,0    0,0    0,0    0,0    0,0    0,0    0,0    0,0    0,0    0,0    0,0    0,0
  13        57,0    0,0    0,0    0,0    0,0    0,0    0,0    0,0    0,0    0,0    0,0    0,0
  14         0,0   33,0    0,0    0,0    0,0   14,5    0,0    0,0    0,0    0,0    0,0    0,0
  15         0,0    0,0    0,0    0,0    0,0   23,0    0,0    0,0    0,0    0,0    0,0    0,0
  16         0,0   10,0    0,0    0,0    0,0    0,0    0,0    0,0    0,0    0,0    0,0    0,0
  17         0,0    5,7    0,0    0,0    0,0    0,0    0,0    0,0    0,0    0,0    0,0    0,0
  18         0,0    0,0   39,0    0,0    0,0    0,0    5,5    0,0    0,0    0,0    0,0    0,0
  19         0,0    0,0   25,0    0,0    0,0    0,0    0,0    0,0    0,0    0,0    0,0    0,0
  20         0,0    0,0    0,8    0,0    0,0    0,0    0,0    0,0    0,0    0,0    0,0    0,0
  21         0,0    0,0   27,0    0,0    0,0    0,0    0,0    0,0    0,0    0,0    0,0    0,0
  22         0,0    0,0    1,5    0,0    0,0    0,0    1,5    0,0    0,0    0,0    0,0    0,0
  23         0,0    0,0    0,0    0,0    0,0    0,0    0,0    0,0    0,0    0,0    0,0    0,0
  24         0,0    0,0    9,5    0,0    0,0    0,0    0,0    2,6    0,0    0,0    0,0    0,0
  25         0,0    0,0   25,0    0,0    0,0    0,0    0,0    3,5    0,0    0,0    0,0    0,0
  26         0,0    0,0    0,0    0,0    0,0    0,0    0,0    0,0    0,0    0,0    0,0    0,0
  27         0,0    0,0   16,0    0,0    0,0    0,0    0,0    0,0    0,0    0,0    0,0    0,0
  28         0,0    0,0    8,1   46,0    0,0   38,0    0,0    0,0    0,0    0,0    0,0    0,0
  29         0,0           0,0    0,0    0,0    0,0    0,0    0,0    0,0    0,0    0,0    0,0
  30         0,0          54,0    0,0    0,0    0,0    0,0    0,0    0,0    0,0    0,0    0,0
  31         0,0          63,0          24,0           0,0    6,1           0,0           0,0
----------------------------------------------------------------------------------------------
TOTAL       57,0   48,7  268,9   55,0   78,3  111,5    7,0   12,2    0,0    0,0    0,0   63,5
MINIMA      57,0    5,7    0,8    4,0    5,8    2,0    1,5    2,6    0,0    0,0    0,0    3,0
MAXIMA      57,0   33,0   63,0   46,0   38,0   38,0    5,5    6,1    0,0    0,0    0,0   30,0
MEDIA        1,8    1,7    8,7    1,8    2,5    3,7    0,2    0,4    0,0    0,0    0,0    2,0
MED.HIST.   68,0   99,0  156,0  136,0   63,0   39,0   24,0   11,0    2,0   10,0   13,0   20,0
----------------------------------------------------------------------------------------------


ANO: 2006
----------------------------------------------------------------------------------------------
 DIA         JAN    FEV    MAR    ABR    MAI    JUN    JUL    AGO    SET    OUT    NOV    DEZ
----------------------------------------------------------------------------------------------
   1         0,0    0,0    0,0    0,0   39,0    0,0    0,0    0,0    0,0    0,0    0,0    0,0
   2         0,0    0,0   20,3   24,5    0,0    0,0    0,0    0,0    0,0    0,0    0,0    0,0
   3         0,0    0,0    0,0   15,8    0,0    0,0    0,0    0,0    0,0    0,0    0,0    0,0
   4         0,0    0,0    0,0    7,5    6,0    0,0    0,0    0,0    0,0    0,0    0,0    0,0
   5         0,0   15,0    0,0    0,0    0,0    0,0    0,0    0,0    0,0    0,0    0,0    0,0
   6         0,0    0,0    0,0   55,0    0,0    0,0    0,0    0,0    0,0    0,0    0,0    0,0
   7         0,0   11,0    0,0    8,0    0,0    0,0   13,0    0,0    0,0    0,0    0,0    0,0
   8         0,0    0,0    0,0   17,0    0,0   17,5    0,0    0,0    0,0    0,0    0,0    0,0
   9         0,0    0,0    0,0    5,4    0,0    0,0    0,0    0,0    0,0    0,0    0,0    0,0
  10         0,0    0,0   32,5    4,4    0,0    0,0    0,0    0,0    0,0    0,0    0,0    0,0
  11         0,0    0,0    0,0    4,4    0,0    0,0    0,0    0,0    0,0    0,0    0,0    0,0
  12         0,0    0,0    0,0    0,0    0,0    0,0    0,0    0,0    0,0    0,0    0,0    0,0
  13         0,0    0,0    0,0    0,0    0,0    7,0    0,0    0,0    0,0    0,0    0,0    0,0
  14         0,0    0,0    0,0    0,0   18,0    0,0    0,0    0,0    0,0    0,0    0,0    0,0
  15         0,0    0,0    0,0    0,0    2,7    0,0    0,0    0,0    0,0    0,0    0,0    0,0
  16         0,0   14,0    0,0    0,0   22,0    0,0    0,0    0,0    0,0    0,0    0,0   -1,0
  17         0,0    0,0    5,0    0,0    7,4    0,0    0,0    0,0    0,0    0,0    0,0   -1,0
  18         0,0    0,0    0,0    0,0    0,0    0,0    5,5    0,0    0,0    0,0    0,0   -1,0
  19         0,0    0,0    0,0    0,0    0,0    0,0    0,0    0,0    0,0    0,0    0,0   -1,0
  20         0,0   36,5   17,0    0,0    0,0    0,0    0,0    0,0    0,0    0,0    0,0   -1,0
  21         0,0    0,0    7,2    0,0    0,0    0,0    0,0    0,0    0,0    0,0    0,0   -1,0
  22         0,0    0,0    0,0   19,5    0,0    0,0    1,5    0,0    0,0    0,0    0,0   -1,0
  23         0,0   84,0    0,0    0,0    0,0    0,0   16,0    0,0    0,0   16,0    0,0   -1,0
  24         0,0   37,0   21,5    0,0    0,0    0,0    0,0    0,0    0,0    0,0    0,0   -1,0
  25         0,0    0,0    0,0    6,5    0,0    0,0    0,0    0,0    0,0    0,0    0,0   -1,0
  26         0,0    0,0    0,0    0,0    0,0    0,0    0,0    0,0    0,0    0,0    0,0   -1,0
  27         0,0    0,0   20,5    0,0    0,0    0,0    0,0    0,0    0,0    0,0    0,0   -1,0
  28         0,0    0,0   17,0    0,0    0,0   11,0    0,0    0,0    0,0    0,0    0,0   -1,0
  29         0,0           0,0    0,0    0,0    0,0    0,0    0,0    0,0    0,0    0,0   -1,0
  30         0,0           0,0    0,0    0,0    0,0    0,0    0,0    0,0    0,0    0,0   -1,0
  31         0,0           9,0           0,0           0,0    0,0           0,0          -1,0
----------------------------------------------------------------------------------------------
TOTAL        0,0  197,5  150,0  168,0   95,1   35,5   36,0    0,0    0,0   16,0    0,0    0,0
MINIMA       0,0   11,0    5,0    4,4    2,7    7,0    1,5    0,0    0,0   16,0    0,0    0,0
MAXIMA       0,0   84,0   32,5   55,0   39,0   17,5   16,0    0,0    0,0   16,0    0,0    0,0
MEDIA        0,0    7,1    4,8    5,6    3,1    1,2    1,2    0,0    0,0    0,5    0,0    0,0
MED.HIST.   68,0   99,0  156,0  136,0   63,0   39,0   24,0   11,0    2,0   10,0   13,0   20,0
----------------------------------------------------------------------------------------------


ANO: 2007
----------------------------------------------------------------------------------------------
 DIA         JAN    FEV    MAR    ABR    MAI    JUN    JUL    AGO    SET    OUT    NOV    DEZ
----------------------------------------------------------------------------------------------
   1        -1,0    0,0    8,0    0,0   37,0    0,0    0,0    0,0    0,0    0,0    0,0    0,0
   2        -1,0    0,0    0,5    0,0    0,0    0,0    0,0    7,0    0,0    0,0    0,0    0,0
   3        -1,0    0,0    0,0    0,0    0,0    0,0    0,0    0,0    0,0    0,0    0,0    0,0
   4        -1,0    0,0    0,0    0,0    0,0    0,0    0,0    0,0    0,0    0,0    0,0    0,0
   5        -1,0    0,0    0,0    0,0    0,0    0,0    0,0    0,0    0,0    0,0    0,0    0,0
   6        -1,0    0,0    5,8    0,0    0,0    0,0    0,0    0,0    0,0    0,0    0,0    0,0
   7        -1,0    0,0    0,0    0,0    0,0    0,0    0,0    0,0    0,0    0,0    0,0    0,0
   8        -1,0    0,0    0,0    0,0    0,0    0,0    0,0    0,0    0,0    0,0    0,0    0,0
   9        -1,0    0,0    0,0    0,0    0,0    0,0    0,0    0,0    0,0    0,0    0,0    0,0
  10        -1,0    0,0   18,0    0,0    0,0    0,0    0,0    0,0    0,0    0,0    0,0    0,0
  11        -1,0    0,0    7,0    0,0    0,0    0,0    6,2    0,0    0,0    0,0    0,0    0,0
  12        -1,0    0,0    4,0    0,0    0,0    0,0    0,0    0,0    0,0    0,0    0,0    0,0
  13        -1,0    0,0    0,0    0,0    0,0    0,0    0,0    0,0    0,0    0,0    0,0    0,0
  14        -1,0    0,0    0,0    0,0    0,0    0,0    0,0    0,0    0,0    0,0    0,0    0,0
  15        -1,0    0,0    0,0    0,0    0,0    0,0    0,0    0,0    0,0    0,0    0,0    0,0
  16        -1,0    0,0    0,0    0,0    0,0    0,0    0,0    0,0    0,0    0,0    0,0    0,0
  17        -1,0    0,0    9,0    0,0    0,0    0,0    0,0    0,0    0,0    0,0    0,0    0,0
  18        -1,0    0,0   12,0   18,0    0,0    6,0    0,0    0,0    0,0    0,0    0,0    0,0
  19        -1,0    0,0    1,5    6,0    0,0    0,0    0,0    0,0    0,0    0,0    0,0    0,0
  20        -1,0    0,0    0,0    0,0    0,0    0,0    0,0    0,0    0,0    0,0    0,0    0,0
  21        -1,0    0,0    0,0   16,0    0,0    0,0    0,0    0,0    0,0    0,0    0,0    0,0
  22        -1,0    0,0    0,0    0,0    0,0    0,0    0,0    0,0    0,0    0,0    0,0    0,0
  23        -1,0    0,0    0,0    0,0   23,0    0,0    0,0    0,0    0,0    0,0    0,0    0,0
  24        -1,0    0,0    0,0    4,0   16,0    0,0    0,0    0,0    0,0    0,0    0,0    0,0
  25        -1,0    0,0    0,0    8,0    0,0    0,0    0,0    0,0    0,0    0,0    0,0    0,0
  26        -1,0    0,0    0,0   28,0    9,0    0,0    0,0    0,0    0,0    0,0    0,0    0,0
  27        -1,0    0,0    0,0    0,0   36,0    0,0    0,0    0,0    0,0    0,0    0,0    0,0
  28        -1,0    0,0    0,0   12,0    0,0   34,0    0,0    0,0    0,0    0,0    0,0    0,0
  29        -1,0           0,0    0,0    2,0    0,0    0,0    0,0    0,0    0,0    0,0    0,0
  30        -1,0           0,0    0,0    0,0    0,0    0,0    0,0    0,0    0,0    0,0    0,0
  31        -1,0           0,0           0,0           0,0    8,0           0,0           0,0
----------------------------------------------------------------------------------------------
TOTAL       -1,0    0,0   65,8   92,0  123,0   40,0    6,2   15,0    0,0    0,0    0,0    0,0
MINIMA      -1,0    0,0    0,5    4,0    2,0    6,0    6,2    7,0    0,0    0,0    0,0    0,0
MAXIMA      -1,0    0,0   18,0   28,0   37,0   34,0    6,2    8,0    0,0    0,0    0,0    0,0
MEDIA        0,0    0,0    2,1    3,1    4,0    1,3    0,2    0,5    0,0    0,0    0,0    0,0
MED.HIST.   68,0   99,0  156,0  136,0   63,0   39,0   24,0   11,0    2,0   10,0   13,0   20,0
----------------------------------------------------------------------------------------------


ANO: 2008
----------------------------------------------------------------------------------------------
 DIA         JAN    FEV    MAR    ABR    MAI    JUN    JUL    AGO    SET    OUT    NOV    DEZ
----------------------------------------------------------------------------------------------
   1         0,0  118,0   14,0   17,0    0,0    0,0   10,7    0,0    0,0    0,0    0,0    0,0
   2         0,0    0,0    0,0    0,0    0,7    0,0    0,0    0,0    0,0    0,0    0,0    0,0
   3         0,0    0,0    0,0  114,0    0,0    0,0    0,0    0,0    0,0    0,0    0,0    0,0
   4         0,0    0,0    0,0    0,0    0,0   38,0    0,0    0,0    0,0    0,0    0,0    0,0
   5         0,0    0,0    0,0    0,0    0,0    7,0    0,0    0,0    0,0    0,0    0,0    0,0
   6         0,0    0,0    0,0    0,0   92,0    0,0    0,0    0,0    0,0    0,0    0,0    0,0
   7         0,0    0,0    0,0   37,0    0,0    0,0    0,0    0,0    0,0    0,0    0,0    0,0
   8         0,0    0,0    0,0    0,0    0,0    0,0    0,0    1,2    0,0    0,0    0,0    0,0
   9         0,0    0,0    0,0   10,0    0,4    0,0    0,0    0,0    0,0    0,0    0,0    0,0
  10         0,0    0,0    0,0    0,0   85,0    0,0    0,0    0,0    0,0    0,0    0,0    0,0
  11         0,0    0,0    0,0    0,0    0,0    5,9    4,9    0,0    0,0    0,0    0,0    0,0
  12         0,0   12,0    0,0    9,0    0,0    0,0    0,0    0,0    0,0    0,0    0,0    0,0
  13         0,0    0,0    6,0    7,0    0,0    0,0    0,0    0,0    0,0    0,0    0,0    0,0
  14         0,0    0,0    0,0    0,0    0,0    7,5    0,0    0,0    0,0    0,0    0,0    0,0
  15         0,0    0,0   64,0    0,0    0,0    0,0    0,0    0,0    0,0    0,0    0,0    0,0
  16        20,0    0,0    0,0    0,0    0,0    8,9    0,0    0,0    0,0    0,0    0,0    0,0
  17         0,0    0,0    0,0    0,0   32,0    0,0    0,0    4,5    0,0    0,0    0,0    0,0
  18         0,0    0,0    9,0    0,0    0,0    2,0    4,7    0,0    0,0    0,0    0,0    0,0
  19         0,0    0,0   22,0    0,0    0,0    0,0   12,0    0,0    0,0    0,0    0,0    0,0
  20         0,0    0,0   32,0    0,0    0,0    0,0    0,0    0,0    0,0    0,0    0,0    0,0
  21         0,0    0,0   28,0    7,0    0,0    0,0    1,3    0,0    0,0    0,0    0,0    0,0
  22         0,0    0,0   22,0    0,0    0,0    0,0    0,0    0,0    0,0    0,0    0,0    0,0
  23         0,0    0,0   10,0    0,0   43,5    0,0    0,0    0,0    0,0    0,0    0,0    0,0
  24         0,0   38,0   54,0    8,0    0,0    0,0    0,0    0,0    0,0    0,0    0,0    0,0
  25         0,0    0,0   18,0    7,0    0,0    0,0    0,0    0,0    0,0    0,0    0,0    0,0
  26         6,0    2,0   11,0    0,0    0,0    4,3    4,3    0,0    0,0    0,0    0,0    0,0
  27         0,0   10,0    0,0    0,0    0,0    0,0    5,8    0,0    0,0    0,0    0,0    0,0
  28         0,0    0,0   58,0    0,0   15,0    0,0    0,0   12,0    0,0    0,0    0,0    0,0
  29         0,0    0,0   28,0    5,0    0,0    0,0    0,0    0,0    0,0    0,0    0,0    0,0
  30         0,0          24,0    0,0    0,0    0,0    0,0    0,0    0,0    0,0    0,0    0,0
  31         0,0          29,0           0,0           0,0    0,0           0,0           0,0
----------------------------------------------------------------------------------------------
TOTAL       26,0  180,0  429,0  221,0  268,6   73,6   43,7   17,7    0,0    0,0    0,0    0,0
MINIMA       6,0    2,0    6,0    5,0    0,4    2,0    1,3    1,2    0,0    0,0    0,0    0,0
MAXIMA      20,0  118,0   64,0  114,0   92,0   38,0   12,0   12,0    0,0    0,0    0,0    0,0
MEDIA        0,8    6,2   13,8    7,4    8,7    2,5    1,4    0,6    0,0    0,0    0,0    0,0
MED.HIST.   68,0   99,0  156,0  136,0   63,0   39,0   24,0   11,0    2,0   10,0   13,0   20,0
----------------------------------------------------------------------------------------------